Y	X
  7.4349634e+002  1.7547600e+002
  9.7574217e+002  1.8471800e+002
  1.0991549e+003  1.8502600e+002
  1.1282510e+003  1.8738600e+002
  1.0803425e+003  1.8290600e+002
  9.2860660e+002  1.5678300e+002
  7.5364107e+002  1.3900000e+002
  8.6535714e+002  1.8150000e+002
  1.0130620e+003  1.8526100e+002
  1.1032815e+003  1.8619300e+002
  1.0992068e+003  1.8597500e+002
  1.0785097e+003  1.8507700e+002
  9.6393799e+002  1.6045600e+002
  7.9844734e+002  1.4345000e+002
  9.0047314e+002  1.8139500e+002
  1.0293871e+003  1.8833600e+002
  1.1106362e+003  1.9048900e+002
  1.1022039e+003  1.8900400e+002
  1.0768343e+003  1.8910300e+002
  9.6023630e+002  1.6240900e+002
  7.6289333e+002  1.3868400e+002
  8.5429177e+002  1.7945900e+002
  1.0140631e+003  1.8800300e+002
  1.1078505e+003  1.9158100e+002
  1.1414299e+003  1.9472600e+002
  1.1043033e+003  1.8701900e+002
  9.3417916e+002  1.6042100e+002
  7.6672417e+002  1.4198200e+002
  8.8241939e+002  1.8725700e+002
  1.0475337e+003  1.9052700e+002
  1.1181946e+003  1.8947000e+002
  1.1047990e+003  1.8815700e+002
  1.0935745e+003  1.8844400e+002
  9.6003679e+002  1.6191400e+002
  7.8593433e+002  1.4120000e+002
  8.8430777e+002  1.8466700e+002
  1.0226204e+003  1.8939500e+002
  1.1148768e+003  1.9555400e+002
  1.1603194e+003  1.9669400e+002
  1.1188221e+003  1.9109300e+002
  9.4730316e+002  1.5991600e+002
  7.3555642e+002  1.3592100e+002
  8.3695389e+002  1.8220600e+002
  1.0374342e+003  1.9502100e+002
  1.1590478e+003  2.0020200e+002
  1.1991958e+003  2.0169700e+002
  1.1426057e+003  1.9737300e+002
  9.6706366e+002  1.6543400e+002
  7.5342987e+002  1.4232100e+002
  8.7320834e+002  1.9021300e+002
  1.0382883e+003  1.9713800e+002
  1.1103500e+003  1.9199300e+002
  1.1142721e+003  1.9019800e+002
  1.0391502e+003  1.8491600e+002
  8.8977433e+002  1.6034800e+002
  7.1164499e+002  1.3652900e+002
  8.2279613e+002  1.8262300e+002
  1.0093008e+003  1.8965700e+002
  1.0773432e+003  1.9186900e+002
  1.1137434e+003  1.9259100e+002
  1.0735078e+003  1.8951500e+002
  9.2355083e+002  1.6062900e+002
  7.2685727e+002  1.3727900e+002
  7.9809920e+002  1.7628100e+002
  9.4313734e+002  1.8397400e+002
  1.0360001e+003  1.8971700e+002
  1.0887750e+003  1.9128200e+002
  1.0511491e+003  1.8649700e+002
  9.1210720e+002  1.5895200e+002
  7.1576317e+002  1.3606100e+002
  7.4892099e+002  1.6097300e+002
  7.4467005e+002  1.4474800e+002
  8.5005622e+002  1.7564500e+002
  9.6219870e+002  1.7760700e+002
  9.7867016e+002  1.7366000e+002
  8.4998991e+002  1.4928100e+002
  6.6261649e+002  1.2766700e+002
  7.4311372e+002  1.6509800e+002
  8.6476347e+002  1.6979000e+002
  9.2565373e+002  1.7085400e+002
  9.3435620e+002  1.6845300e+002
  8.8271408e+002  1.6469200e+002
  7.8203392e+002  1.4545500e+002
  6.4359105e+002  1.2524500e+002
  7.4955889e+002  1.6476000e+002
  8.8978767e+002  1.7069000e+002
  9.3105108e+002  1.6666800e+002
  8.0682075e+002  1.3504800e+002
  6.0712262e+002  1.1579800e+002
  5.5434843e+002  1.2066200e+002
  5.0642395e+002  1.0992500e+002
  5.8151653e+002  1.2745900e+002
  7.5451452e+002  1.5709700e+002
  8.8920944e+002  1.6357100e+002
  9.5672579e+002  1.6398800e+002
  9.4032898e+002  1.6342600e+002
  7.9815009e+002  1.3858400e+002
  6.2843235e+002  1.1886300e+002
  7.0981571e+002  1.5236100e+002
  8.6200612e+002  1.6639600e+002
  9.4552900e+002  1.6899100e+002
  9.9677280e+002  1.6815500e+002
  9.6021913e+002  1.6715300e+002
  8.3420284e+002  1.4322000e+002
  6.6218377e+002  1.2266700e+002
  7.5793031e+002  1.6183400e+002
  8.7543449e+002  1.6339300e+002
  9.3872568e+002  1.6856300e+002
  9.8812075e+002  1.6752100e+002
  9.6154245e+002  1.6686000e+002
  8.2790359e+002  1.4346800e+002
  6.6084334e+002  1.2187400e+002
  7.4511879e+002  1.5865000e+002
  8.8964451e+002  1.6576200e+002
  6.9980798e+002  1.1496100e+002
  7.2439742e+002  1.4712600e+002
  8.2589548e+002  1.6094400e+002
  8.1914774e+002  1.3929200e+002
  6.7585515e+002  1.1964200e+002
  7.7660500e+002  1.6131400e+002
  9.2655517e+002  1.6816700e+002
  9.6513067e+002  1.6494400e+002
  9.8363063e+002  1.6526700e+002
  9.4667370e+002  1.6570300e+002
  8.2094105e+002  1.3953100e+002
  6.2622031e+002  1.1675300e+002
  7.1445924e+002  1.5214200e+002
  8.4652969e+002  1.6117100e+002
  8.8111208e+002  1.5496900e+002
  9.2246768e+002  1.6085600e+002
  9.0765079e+002  1.6260700e+002
  8.1035490e+002  1.4002100e+002
  6.5481769e+002  1.2103900e+002
  7.6454732e+002  1.5720000e+002
  8.9660292e+002  1.6572000e+002
  9.6755435e+002  1.6540400e+002
  9.9551166e+002  1.6525500e+002
  9.3723862e+002  1.6455000e+002
  8.1005463e+002  1.4073900e+002
  6.4309669e+002  1.1899000e+002
  7.4810814e+002  1.6003800e+002
  8.9869062e+002  1.7006200e+002
  1.0118875e+003  1.7419300e+002
  1.0730042e+003  1.7666000e+002
  1.0246938e+003  1.7398700e+002
  8.7104105e+002  1.4593200e+002
  6.7954919e+002  1.2375700e+002
  7.6619894e+002  1.6062400e+002
  9.0138201e+002  1.6949700e+002
  1.0036255e+003  1.7499200e+002
  1.0782957e+003  1.7879300e+002
  1.0539951e+003  1.7666800e+002
  9.1279150e+002  1.4774300e+002
  7.1035817e+002  1.2656000e+002
  8.3072204e+002  1.6932100e+002
  1.0140830e+003  1.8064400e+002
  1.1190169e+003  1.8333300e+002
  1.1876479e+003  1.8408500e+002
  1.1317037e+003  1.8311500e+002
  9.8923581e+002  1.5705200e+002
  7.8339183e+002  1.3359700e+002
  9.0509604e+002  1.7981800e+002
  1.0627953e+003  1.8191100e+002
  1.1433207e+003  1.8486700e+002
  1.1893681e+003  1.8379300e+002
  1.1333670e+003  1.8003600e+002
  9.5777157e+002  1.5058200e+002
  7.4424028e+002  1.2797100e+002
  8.3819702e+002  1.6355200e+002
  9.7069061e+002  1.6941200e+002
  1.0504735e+003  1.7116100e+002
  1.1088983e+003  1.7445100e+002
  1.0844876e+003  1.7912000e+002
  9.7300088e+002  1.5264300e+002
  7.9064851e+002  1.3229400e+002
  9.0206320e+002  1.7097400e+002
  1.0526365e+003  1.7760900e+002
  1.1104951e+003  1.7906200e+002
  1.1745609e+003  1.8076900e+002
  1.1157117e+003  1.7858800e+002
  9.4241460e+002  1.4665500e+002
  7.0924272e+002  1.2130000e+002
  7.9281841e+002  1.6014500e+002
  9.6687584e+002  1.6780500e+002
  1.0290491e+003  1.6957300e+002
  1.1089092e+003  1.7234700e+002
  1.0754767e+003  1.7355500e+002
  9.3218800e+002  1.4606100e+002
  7.2983821e+002  1.2419600e+002
  8.4339820e+002  1.6824500e+002
  1.0178352e+003  1.7510900e+002
  1.0980890e+003  1.7840200e+002
  1.1610446e+003  1.8074800e+002
  1.1297051e+003  1.7966600e+002
  9.7076683e+002  1.5072000e+002
  7.6279789e+002  1.2786100e+002
  8.9631114e+002  1.7503500e+002
  1.0980874e+003  1.8245400e+002
  1.1728266e+003  1.8439200e+002
  1.1620625e+003  1.7119600e+002
  1.0518512e+003  1.6658200e+002
  8.5973234e+002  1.3598200e+002
  6.7258869e+002  1.1699100e+002
  8.0623469e+002  1.6363800e+002
  1.0113259e+003  1.7130800e+002
  1.0645400e+003  1.6690800e+002
  1.1130296e+003  1.7024900e+002
  1.0721235e+003  1.6913500e+002
  9.3186209e+002  1.4380200e+002
  7.3437225e+002  1.2347400e+002
  8.1844139e+002  1.5524800e+002
  9.5835325e+002  1.6383200e+002
  1.0172313e+003  1.6188600e+002
  1.0321452e+003  1.5998400e+002
  1.0010076e+003  1.5907800e+002
  8.8784127e+002  1.4012100e+002
  7.3712804e+002  1.2216200e+002
  7.9669282e+002  1.5007200e+002
  9.2002449e+002  1.5483000e+002
  9.3458644e+002  1.5289600e+002
  8.0657759e+002  1.2203700e+002
  7.6055352e+002  1.3513400e+002
  7.5407069e+002  1.3152000e+002
  6.9406447e+002  1.1845900e+002
  8.2108230e+002  1.4884400e+002
  9.4897132e+002  1.5534200e+002
  9.7186851e+002  1.5369500e+002
  9.9324761e+002  1.5219700e+002
  9.6330739e+002  1.5332100e+002
  8.6898370e+002  1.3517400e+002
  7.1540278e+002  1.1835400e+002
  8.3606954e+002  1.5452600e+002
  9.9847404e+002  1.6223600e+002
  1.0423431e+003  1.6039800e+002
  1.0600156e+003  1.5915600e+002
  1.0032496e+003  1.5416600e+002
  8.7006530e+002  1.3354500e+002
  7.2287887e+002  1.1856200e+002
  8.5208633e+002  1.5918400e+002
  1.0253475e+003  1.6901500e+002
  1.1240287e+003  1.7126200e+002
  1.1919866e+003  1.7322100e+002
  1.1704181e+003  1.7413100e+002
  1.0094996e+003  1.4750900e+002
  7.9012870e+002  1.2376700e+002
  8.5801821e+002  1.5651500e+002
  1.0126689e+003  1.6748400e+002
  1.0904941e+003  1.6779200e+002
  1.1369451e+003  1.6612900e+002
  1.0950019e+003  1.6485900e+002
  9.1380945e+002  1.3755000e+002
  7.2183225e+002  1.1821900e+002
  8.4067858e+002  1.5820700e+002
  1.0063557e+003  1.6561100e+002
  1.0811228e+003  1.6721500e+002
  1.1277315e+003  1.6757200e+002
  1.0963529e+003  1.6687500e+002
  9.1431930e+002  1.3687500e+002
  7.0095175e+002  1.1549800e+002
  7.9535434e+002  1.5714200e+002
  9.9912882e+002  1.6763900e+002
  1.1052362e+003  1.6927700e+002
  1.1812048e+003  1.7109800e+002
  1.1584947e+003  1.7150200e+002
  9.8002775e+002  1.4443200e+002
  7.8143218e+002  1.2383500e+002
  8.9247740e+002  1.6631000e+002
  1.0503721e+003  1.6813700e+002
  1.1065448e+003  1.6587500e+002
  1.1303538e+003  1.6486000e+002
  1.0739292e+003  1.6300300e+002
  9.1188051e+002  1.4104700e+002
  7.3463885e+002  1.2078400e+002
  8.3233947e+002  1.5463400e+002
  1.0070616e+003  1.6401800e+002
  1.0594442e+003  1.5811700e+002
  1.1215267e+003  1.6710900e+002
  1.1003392e+003  1.6632000e+002
  8.9729699e+002  1.3177800e+002
  7.2785129e+002  1.2256300e+002
  8.5855813e+002  1.6134100e+002
  1.0367928e+003  1.6710300e+002
  1.1364361e+003  1.7051900e+002
  1.1868893e+003  1.7182600e+002
  1.1601763e+003  1.7102100e+002
  9.9222668e+002  1.4458800e+002
  7.7308082e+002  1.2181800e+002
  8.7071586e+002  1.5995900e+002
  1.0403832e+003  1.6770700e+002
  1.1291842e+003  1.6856200e+002
  1.2011294e+003  1.6815000e+002
  1.1697601e+003  1.6752400e+002
  1.0112787e+003  1.4463200e+002
  7.8434419e+002  1.2180600e+002
  8.9181261e+002  1.6035800e+002
  1.0656924e+003  1.6879600e+002
  1.1387451e+003  1.7053500e+002
  1.1813974e+003  1.6816600e+002
  9.3229233e+002  1.3041200e+002
  7.9579015e+002  1.3226700e+002
  6.9921170e+002  1.2128900e+002
  8.9133475e+002  1.6425500e+002
  1.1217075e+003  1.7350600e+002
  1.2251344e+003  1.7531100e+002
  1.2851056e+003  1.7571100e+002
  1.2324907e+003  1.7407600e+002
  1.0668681e+003  1.4789600e+002
  8.4338261e+002  1.2959700e+002
  9.6668818e+002  1.7096900e+002
  1.2021344e+003  1.8041400e+002
  1.2944118e+003  1.8176800e+002
  1.3627141e+003  1.8311500e+002
  1.3307555e+003  1.8644500e+002
  1.1930807e+003  1.6538800e+002
  9.9636500e+002  1.4599500e+002
  1.1375938e+003  1.8699000e+002
  1.3699267e+003  1.9670200e+002
  1.4420447e+003  1.9378200e+002
  1.4506186e+003  1.8811000e+002
  1.3366355e+003  1.8217000e+002
  1.1408066e+003  1.5724500e+002
  9.0683971e+002  1.3492000e+002
  1.0258625e+003  1.7769000e+002
  1.2192625e+003  1.8098800e+002
  1.2803178e+003  1.8114100e+002
  1.3630821e+003  1.8369000e+002
  1.3300454e+003  1.8123600e+002
  1.1446046e+003  1.5723100e+002
  9.0873454e+002  1.3433400e+002
  1.0320467e+003  1.7644400e+002
  1.2490315e+003  1.8832000e+002
  1.3640478e+003  1.8913200e+002
  1.4614017e+003  1.9254200e+002
  1.2210479e+003  1.5685400e+002
  1.0662333e+003  1.6000100e+002
  9.3405139e+002  1.4573100e+002
  1.1509782e+003  1.9237500e+002
  1.3982407e+003  1.9729900e+002
  1.4786141e+003  1.9930700e+002
  1.4969125e+003  1.9414700e+002
  1.3893201e+003  1.8807500e+002
  1.1855349e+003  1.6156600e+002
  9.6348340e+002  1.4300200e+002
  1.1102151e+003  1.8650500e+002
  1.3451414e+003  1.9321700e+002
  1.3961974e+003  1.9190900e+002
  1.3964314e+003  1.8627300e+002
  1.2892250e+003  1.8019200e+002
  1.0938058e+003  1.5531300e+002
  8.9822280e+002  1.3577300e+002
  9.2287547e+002  1.5664200e+002
  9.0849098e+002  1.3736600e+002
  7.0402415e+002  1.1005800e+002
  8.0392542e+002  1.4804000e+002
  9.9798649e+002  1.6431200e+002
  1.0710828e+003  1.5552700e+002
  9.7522455e+002  1.4386700e+002
  1.0418643e+003  1.6628700e+002
  1.0259015e+003  1.5173700e+002
  8.1143539e+002  1.2359876e+002
  9.6461789e+002  1.7655170e+002
  1.2002381e+003  1.9160137e+002
  1.2258701e+003  1.7168193e+002
  1.0873040e+003  1.5949704e+002
  9.8859837e+002  1.5177391e+002
  1.2107810e+003  2.0507353e+002
  1.3848234e+003  2.0869827e+002
  1.5314765e+003  2.0586953e+002
  1.4676191e+003  2.0102995e+002
  1.1995122e+003  1.6754982e+002
  9.3513115e+002  1.4517789e+002
  1.0551690e+003  1.8834941e+002
  1.2856576e+003  1.9992847e+002
  1.3995921e+003  2.0207893e+002
  1.4588439e+003  1.9954182e+002
  1.3768464e+003  1.9389522e+002
  1.1852248e+003  1.7136602e+002
  9.5547125e+002  1.4777591e+002
  1.0868162e+003  1.9237078e+002
  1.3324897e+003  1.9791850e+002
  1.3818884e+003  1.9978197e+002
  1.4177583e+003  1.9945598e+002
  1.3675316e+003  1.9519402e+002
  1.1726868e+003  1.6815494e+002
  9.1237913e+002  1.4237003e+002
  1.0471796e+003  1.8609351e+002
  1.2708816e+003  1.9186568e+002
  1.3575494e+003  1.9614000e+002
  1.4050673e+003  1.9354669e+002
  1.3253013e+003  1.8730960e+002
  1.1319647e+003  1.6097347e+002
  8.8967185e+002  1.4040221e+002
  1.0445666e+003  1.8618953e+002
  1.3023356e+003  1.9279058e+002
  1.3627749e+003  1.9309072e+002
  1.3933199e+003  1.9148944e+002
  1.3176707e+003  1.8872659e+002
  1.1391897e+003  1.6303440e+002
  9.0726691e+002  1.4162900e+002
  1.0157169e+003  1.7970615e+002
  1.2350481e+003  1.8485318e+002
  1.2368586e+003  1.8036821e+002
  1.2501561e+003  1.7696300e+002
  1.1704020e+003  1.7236118e+002
  9.6403868e+002  1.4292644e+002
  7.4239975e+002  1.2478557e+002
  8.5529091e+002  1.6376574e+002
  1.0838282e+003  1.7128675e+002
  1.1424705e+003  1.7071235e+002
  1.1969650e+003  1.7395270e+002
  1.1795446e+003  1.7661468e+002
  1.0342414e+003  1.5188989e+002
  7.8884312e+002  1.3013600e+002
  9.2070341e+002  1.7308377e+002
  1.1326498e+003  1.8038067e+002
  1.2002040e+003  1.7870984e+002
  1.2575189e+003  1.7967850e+002
  1.1749903e+003  1.7648015e+002
  1.0167816e+003  1.5319214e+002
  8.0288219e+002  1.3275559e+002
  9.3071303e+002  1.7149456e+002
  1.1405420e+003  1.7740246e+002
  1.1930471e+003  1.7803441e+002
  1.2595358e+003  1.7733871e+002
  1.1718328e+003  1.7423748e+002
  1.0326287e+003  1.5314193e+002
  8.0857161e+002  1.3182083e+002
  9.3467066e+002  1.7164325e+002
  1.1477483e+003  1.7897571e+002
  1.2137606e+003  1.7924498e+002
  1.2868847e+003  1.8082662e+002
  1.2169997e+003  1.7930771e+002
  1.0777059e+003  1.5845563e+002
  8.4520896e+002  1.3610225e+002
  9.5874961e+002  1.7177158e+002
  1.1389826e+003  1.7459426e+002
  1.0748150e+003  1.5721315e+002
  1.1251154e+003  1.7262855e+002
  1.1343199e+003  1.7521782e+002
  1.0470077e+003  1.5455007e+002
  8.1484408e+002  1.3032541e+002
  9.1061157e+002  1.6665197e+002
  1.1209844e+003  1.7786662e+002
  1.1789927e+003  1.7178070e+002
  1.0314558e+003  1.4268999e+002
  7.7757441e+002  1.2083196e+002
  6.8896018e+002  1.2424293e+002
  6.1558185e+002  1.1391885e+002
  7.1416039e+002  1.3619377e+002
  9.6840602e+002  1.6562085e+002
  1.1425645e+003  1.7457227e+002
  1.2487180e+003  1.7637674e+002
  1.2090261e+003  1.7414753e+002
  1.0350337e+003  1.5118453e+002
  8.0259701e+002  1.3050980e+002
  8.9270250e+002  1.6074066e+002
  1.1151548e+003  1.7748597e+002
  1.2147840e+003  1.8137860e+002
  1.2655200e+003  1.8091832e+002
  1.2243692e+003  1.7654206e+002
  1.0237670e+003  1.5045110e+002
  7.8516551e+002  1.2913769e+002
  9.2019985e+002  1.6998557e+002
  1.1311805e+003  1.7591320e+002
  1.2020488e+003  1.7828924e+002
  1.2750143e+003  1.7993478e+002
  1.2462654e+003  1.7941107e+002
  1.0460814e+003  1.5100030e+002
  7.9662358e+002  1.2728715e+002
  9.0175120e+002  1.6637408e+002
  1.0979523e+003  1.7332147e+002
  1.1477920e+003  1.6917184e+002
  1.2074630e+003  1.7235169e+002
  1.1963324e+003  1.7311748e+002
  1.0295052e+003  1.4605752e+002
  7.9231918e+002  1.2437685e+002
  9.2492001e+002  1.6379367e+002
  1.1415461e+003  1.7259699e+002
  1.2320905e+003  1.7456060e+002
  9.6536295e+002  1.1960001e+002
  8.4549625e+002  1.3734416e+002
  8.6158172e+002  1.4065793e+002
  7.9637751e+002  1.2655301e+002
  1.0265395e+003  1.6763379e+002
  1.2513401e+003  1.7523108e+002
  1.3095913e+003  1.7855202e+002
  1.3612774e+003  1.7860248e+002
  1.3191386e+003  1.7650124e+002
  1.1501797e+003  1.5145767e+002
  8.7969426e+002  1.2929155e+002
  9.9204388e+002  1.6764948e+002
  1.2125134e+003  1.7379130e+002
  1.3057885e+003  1.7523457e+002
  1.3206631e+003  1.6852409e+002
  1.2918181e+003  1.7217866e+002
  1.0919684e+003  1.4412399e+002
  8.2481831e+002  1.2036702e+002
  9.6831903e+002  1.6289682e+002
  1.2208083e+003  1.7484224e+002
  1.3474382e+003  1.7649991e+002
  1.4043867e+003  1.7698333e+002
  1.3514414e+003  1.7713399e+002
  1.1532603e+003  1.4879331e+002
  8.7110132e+002  1.2362829e+002
  9.9641599e+002  1.6493698e+002
  1.2406846e+003  1.7528131e+002
  1.3447690e+003  1.7793418e+002
  1.4384322e+003  1.8052670e+002
  1.3893165e+003  1.7895206e+002
  1.1676393e+003  1.4916113e+002
  8.9069608e+002  1.2594748e+002
  1.0113278e+003  1.6627548e+002
  1.2472302e+003  1.7010347e+002
  1.3550579e+003  1.7592462e+002
  1.4146616e+003  1.7117601e+002
  1.3645531e+003  1.7447584e+002
  1.1743310e+003  1.4735976e+002
  9.2014538e+002  1.2688704e+002
  1.0652833e+003  1.6655401e+002
  1.3236539e+003  1.7738122e+002
  1.4417478e+003  1.8264606e+002
  1.5461695e+003  1.8418289e+002
  1.5272088e+003  1.8708375e+002
  1.3181347e+003  1.5828443e+002
  9.9742695e+002  1.3382021e+002
  1.1612266e+003  1.7896339e+002
  1.4026099e+003  1.8317781e+002
  1.4608528e+003  1.7812972e+002
  1.4909132e+003  1.7699435e+002
  1.4802168e+003  1.8274847e+002
  1.3065754e+003  1.5693121e+002
  1.0030613e+003  1.3090959e+002
  1.1344403e+003  1.7329670e+002
  1.3714206e+003  1.7719588e+002
  1.4943527e+003  1.8446478e+002
  1.5897138e+003  1.8723934e+002
  1.5474667e+003  1.8085629e+002
  1.2957809e+003  1.5256722e+002
  9.6879473e+002  1.2699590e+002
  1.0985999e+003  1.6471560e+002
  1.3518077e+003  1.7364575e+002
  1.4574836e+003  1.7331751e+002
  1.4971180e+003  1.7351929e+002
  1.4570533e+003  1.7351760e+002
  1.2235676e+003  1.4628727e+002
  9.2236050e+002  1.2346569e+002
  1.0767187e+003  1.6645460e+002
  1.3521666e+003  1.7843005e+002
  1.4787542e+003  1.8030688e+002
  1.5542157e+003  1.7786135e+002
  1.4843610e+003  1.7790495e+002
  1.2931399e+003  1.5301154e+002
  1.0057245e+003  1.3025141e+002
  1.1807117e+003  1.7576349e+002
  1.5041068e+003  1.8480779e+002
  1.5774550e+003  1.8325999e+002
  1.6084732e+003  1.8215993e+002
  1.4988708e+003  1.8051323e+002
  1.2702679e+003  1.4935636e+002
  9.6023007e+002  1.2653640e+002
  1.1262899e+003  1.7523197e+002
  1.4493779e+003  1.8252669e+002
  1.5487466e+003  1.8129336e+002
  1.5839971e+003  1.7820560e+002
  1.3705077e+003  1.5605244e+002
  1.1787460e+003  1.4627486e+002
  9.5464306e+002  1.2848706e+002
  1.1892235e+003  1.7711883e+002
  1.5321188e+003  1.8701639e+002
  1.6473844e+003  1.8683185e+002
  1.6227823e+003  1.7772939e+002
  1.4952059e+003  1.7736992e+002
  1.2866361e+003  1.5508705e+002
  1.0293346e+003  1.3428386e+002
  1.1865535e+003  1.6779535e+002
  1.3919250e+003  1.7288378e+002
  1.4265885e+003  1.7007509e+002
  1.4403658e+003  1.6681398e+002
  1.3948581e+003  1.6629786e+002
  1.2205424e+003  1.4716575e+002
  9.5902437e+002  1.2376895e+002
  1.0271970e+003  1.4822700e+002
  1.2097861e+003  1.5941929e+002
  1.3239285e+003  1.6236946e+002
  1.4152008e+003  1.6467915e+002
  1.1599959e+003  1.3305386e+002
  1.0107924e+003  1.3617772e+002
  9.0148974e+002  1.2674475e+002
  1.0776308e+003  1.5566878e+002
  1.3292978e+003  1.6566944e+002
  1.4168548e+003  1.6955509e+002
  1.4691784e+003  1.6908060e+002
  1.4095012e+003  1.6729086e+002
  1.2603749e+003  1.5127940e+002
  1.0102430e+003  1.3009599e+002
  1.1203887e+003  1.6197585e+002
  1.3261798e+003  1.6613260e+002
  1.3755804e+003  1.6586337e+002
  1.3981099e+003  1.6284925e+002
  1.3269138e+003  1.6207381e+002
  1.1854570e+003  1.4404879e+002
  9.4218338e+002  1.2540922e+002
  1.1425522e+003  1.7192157e+002
  1.4749077e+003  1.7852356e+002
  1.6144097e+003  1.8477111e+002
  1.6715911e+003  1.8701159e+002
  1.6459942e+003  1.8888423e+002
  1.3974950e+003  1.5913411e+002
  1.0530390e+003  1.3331698e+002
  1.1800535e+003  1.7178768e+002
  1.4881405e+003  1.8605941e+002
  1.6984839e+003  1.9717878e+002
  1.8288278e+003  1.9892312e+002
  1.7479095e+003  1.9503047e+002
  1.4345563e+003  1.6186132e+002
  1.0660277e+003  1.3533233e+002
  1.2151589e+003  1.7826621e+002
  1.5118750e+003  1.8534666e+002
  1.6485182e+003  1.9055010e+002
  1.6996921e+003  1.8957028e+002
  1.6392968e+003  1.8943039e+002
  1.3783814e+003  1.5944959e+002
  1.0310815e+003  1.3282254e+002
  1.1881642e+003  1.7914523e+002
  1.5153384e+003  1.8794750e+002
  1.6768637e+003  1.9214603e+002
  1.7109589e+003  1.8833971e+002
  1.6012171e+003  1.8529041e+002
  1.2979802e+003  1.5261160e+002
  9.7522060e+002  1.2776418e+002
  1.1312614e+003  1.7421278e+002
  1.4437007e+003  1.8261752e+002
  1.5891124e+003  1.8523819e+002
  1.6582264e+003  1.8490004e+002
  1.5419449e+003  1.8046464e+002
  1.2791225e+003  1.5276337e+002
  9.6350773e+002  1.2809545e+002
  1.1051406e+003  1.7222856e+002
  1.3908513e+003  1.8034460e+002
  1.5269135e+003  1.8312448e+002
  1.4893529e+003  1.7080394e+002
  1.4717124e+003  1.8392664e+002
  1.2847041e+003  1.5546638e+002
  9.8445103e+002  1.2985935e+002
  1.1084212e+003  1.6913327e+002
  1.3524922e+003  1.7534425e+002
  1.4335000e+003  1.7668861e+002
  1.4863665e+003  1.7838105e+002
  1.4131763e+003  1.7710285e+002
  1.2296725e+003  1.5078615e+002
  9.5587060e+002  1.2918345e+002
  1.1274495e+003  1.7693447e+002
  1.4115582e+003  1.8340153e+002
  1.5139900e+003  1.8800672e+002
  1.5464115e+003  1.8673324e+002
  1.4395172e+003  1.7996425e+002
  1.1853233e+003  1.5198474e+002
  9.2090199e+002  1.2837418e+002
  1.0775494e+003  1.7566679e+002
  1.3660038e+003  1.8289707e+002
  1.4492558e+003  1.8128365e+002
  1.4567837e+003  1.8097058e+002
  1.4154326e+003  1.8441614e+002
  1.1404184e+003  1.4385268e+002
  9.1813584e+002  1.3362329e+002
  1.0928124e+003  1.7852010e+002
  1.3794239e+003  1.8575206e+002
  1.4662335e+003  1.8742421e+002
  1.5053266e+003  1.8773248e+002
  1.4510430e+003  1.8649432e+002
  1.2731090e+003  1.6369483e+002
  1.0516434e+003  1.5105603e+002
  1.1898744e+003  1.8243633e+002
  1.4096009e+003  1.9114791e+002
  1.5244613e+003  1.9452393e+002
  1.5840032e+003  2.0023385e+002
  1.5134332e+003  1.9722728e+002
  1.3043562e+003  1.6715815e+002
  1.0222557e+003  1.4321920e+002
  1.1405207e+003  1.8637459e+002
  1.3880580e+003  1.9492687e+002
  1.4920912e+003  1.9385902e+002
  1.5079923e+003  1.9367949e+002
  1.4547651e+003  1.9586848e+002
  1.2560010e+003  1.6706908e+002
  9.9244776e+002  1.4518649e+002
  1.1563285e+003  1.9510746e+002
  1.4436044e+003  2.0334497e+002
  1.5196759e+003  1.9831986e+002
  1.5097319e+003  1.9870057e+002
  1.4313033e+003  1.9857223e+002
  1.2478514e+003  1.7131861e+002
  9.7529618e+002  1.4496645e+002
  1.0790342e+003  1.8445015e+002
  1.3222430e+003  1.9289931e+002
  1.3957537e+003  1.9271638e+002
  1.4592040e+003  2.0367995e+002
  1.4158870e+003  2.0373524e+002
  1.2025844e+003  1.6495125e+002
  9.8271541e+002  1.5322784e+002
  9.3390441e+002  1.5320975e+002
  1.1877865e+003  1.9858674e+002
  1.4140504e+003  2.0505455e+002
  1.4914539e+003  2.0263979e+002
  1.4070433e+003  1.9886248e+002
  1.1673341e+003  1.6878679e+002
  9.4059679e+002  1.5395916e+002
  1.0987160e+003  2.0130444e+002
  1.4319831e+003  2.1836526e+002
  1.4713110e+003  2.0820614e+002
  1.4216658e+003  2.0392335e+002
  1.3280838e+003  2.0471717e+002
  1.1928574e+003  1.8033441e+002
  1.0047631e+003  1.6216453e+002
  1.1166478e+003  1.9985536e+002
  1.2889757e+003  1.9113291e+002
  1.0758058e+003  1.5667617e+002
  8.1532996e+002  1.2599868e+002
  8.0548161e+002  1.5753009e+002
  8.7782286e+002  1.5499723e+002
  8.3322238e+002  1.4626311e+002
  9.8840021e+002  1.7805937e+002
  1.1704376e+003  1.8262407e+002
  1.0304030e+003  1.5664326e+002
